62.6202
62.7701
62.6163
62.5163
62.1533
61.0775
60.7627
60.1085
59.4055
61.1257
60.2472
60.4579
62.2462
62.1895
62.3202
69.1382
68.1607
67.4794
61.4184
60.8497
60.5903
68.032
67.265
66.2929
63.714
64.2588
63.034
62.9481
61.8763
61.8776
61.6533
63.0055
60.3806
65.4369
66.4654
64.8538
67.7074
67.6061
67.8868
63.5753
63.5872
61.4134
62.2868
62.0596
61.4433
64.8137
65.3909
63.4817
61.0256
60.5592
59.9387
68.3148
68.0165
66.9401
61.3947
60.4239
59.6555
62.388
63.5051
60.5014
62.1017
62.5971
61.2762
65.4838
66.3133
65.2578
63.354
63.6196
61.3887
65.3417
63.6548
62.6855
67.293
68.4205
65.9808
64.0101
64.5288
63.5638
65.0447
64.0716
62.7003
70.09
68.8439
67.0003
