75.3373
70.2595
72.1268
69.3399
68.6455
70.3509
67.5423
67.0271
68.8068
66.2301
65.8295
67.4744
65.7717
65.1098
66.5714
64.9884
64.4155
65.5816
75.3389
70.2607
72.144
67.2312
66.7658
68.606
65.3381
64.8056
66.5583
64.064
63.517
65.1735
63.6369
62.8449
64.3932
62.6176
61.9735
63.161
75.3396
70.2092
72.1268
67.8714
67.5244
69.3241
65.9232
65.636
67.3643
64.8449
64.4125
66.0923
64.1226
63.5881
65.0991
63.8551
63.1756
64.4443
75.3388
70.2595
72.1268
72.3158
69.9435
71.9187
70.8557
69.3964
71.1179
69.9964
68.9244
70.5173
69.3089
68.3958
69.8506
68.8292
67.9747
69.1452
75.3373
70.1057
72.2375
67.5012
67.1098
68.9693
65.603
65.1994
66.9798
64.2461
63.8774
65.5027
63.8101
63.2298
64.725
63.0833
62.4387
63.6815
75.3373
70.2595
72.1268
67.4521
67
68.7899
65.5411
65.0845
66.7935
64.1619
63.6937
65.3658
63.7009
63.2119
64.5729
62.8696
62.3705
63.4503
75.3068
70.2589
72.1827
71.3381
69.5991
71.3744
69.6976
68.6253
70.4735
68.5018
67.8524
69.5402
67.9902
67.2786
68.7691
67.3988
66.6336
67.9095
75.3634
70.2595
72.1268
68.0637
67.7994
69.5363
66.1869
65.9592
67.7006
65.4077
64.861
66.5289
64.3405
63.8661
65.3783
64.0848
63.4095
64.6292
75.3373
70.261
72.1327
67.1854
66.7583
68.4991
65.3438
64.7762
66.5167
64.0155
63.4679
65.1616
63.6982
62.7714
64.3321
62.6815
61.9539
63.1583
75.3373
70.2595
72.1268
68.8238
68.3253
70.1268
66.9696
66.6387
68.4208
65.9131
65.4875
67.197
65.1988
64.6435
66.217
64.6143
63.9562
65.2009
75.2989
70.2348
72.1268
69.7795
68.9518
70.742
67.9491
67.5589
69.308
66.8295
66.4289
68.1134
66.2003
65.6687
67.158
65.942
65.1298
66.3116
75.3373
70.3003
72.1756
67.2533
66.8438
68.7292
65.394
64.9241
66.7199
63.9848
63.6315
65.3134
63.6241
62.9527
64.5622
62.681
61.9688
63.3818
75.3439
70.2583
72.1268
67.725
67.5003
69.2682
65.8116
65.581
67.2771
64.6051
64.214
65.9161
64.0128
63.5506
64.944
63.7973
63.1024
64.2583
75.3373
70.2595
72.1268
74.2636
70.1726
72.0378
73.1443
70.0565
71.9077
72.4938
69.9283
71.6208
72.0661
69.8051
71.3923
71.7384
69.6732
70.8155
75.3373
70.2595
72.1316
67.6824
67.1158
69.0342
65.7613
65.2714
67.0506
64.4482
63.9604
65.6298
63.9336
63.2551
64.7503
63.3753
62.5964
63.8304
